01000001 00100000 01110000
01101001 01100011 01110100
01110101 01110010 01100101
00100000 01101001 01110011
00100000 01110111 01101111
01110010 01110100 01101000
00100000 00110001 00110000
00110000 00110000 00100000
01110111 01101111 01110010
01100100 01110011 00100000
01100010 01110101 01110100
00100000 01101101 01100101
01110100 01100001 01100100
01100001 01110100 01100001
00100000 01101001 01110011
00100000 01110111 01101111
01110010 01110100 01101000
00100000 01100110 01100001
01110010 00100000 01101101
01101111 01110010 01100101